0 
0 
0 
0 
0 
0 
0 
0 
0 
0 
0 
0 
0 
0 
0 
0 
0 
0 
0 
0 
0 
0 
0 
0 
0 
0 
0 
0 
0 
0 
0 
0 
0 
0 
0 
0 
0 
0 
0 
0 
0 
0 
0 
0 
0 
0 
0 
0 
0 
0 
0 
0 
0 
0 
0 
0 
0 
0 
0 
0 
0 
0 
0 
0 
0 
0 
0 
0 
0 
0 
0 
0 
0 
0 
0 
0 
0 
0 
0 
0 
0 
0 
0 
0 
0 
0 
0 
0 
0 
0 
0 
0 
0 
0 
0 
0 
0 
0 
0 
0 
0 
0 
0 
0 
0 
0 
0 
0 
0 
0 
0 
0 
0 
0 
0 
0 
0 
0 
0 
0 
0 
0 
0 
0 
0 
0 
0 
0 
0 
0 
0 
0 
0 
0 
0 
0 
0 
0 
0 
0 
0 
0 
0 
0 
0 
0 
0 
0 
0 
0 
0 
0 
0 
0 
0 
0 
0 
0 
0 
0 
0 
0 
0 
0 
0 
0 
0 
0 
0 
0 
0 
0 
0 
0 
0 
0 
0 
0 
0 
0 
0 
0 
0 
0 
0 
0 
0 
0 
0 
0 
0 
0 
0 
0 
0 
0 
0 
0 
0 
0 
0 
0 
0 
0 
0 
0 
0 
0 
0 
0 
0 
0 
0 
0 
0 
0 
0 
0 
0 
0 
0 
0 
0 
0 
0 
0 
0 
0 
0 
0 
0 
0 
0 
0 
0 
0 
0 
0 
0 
0 
0 
0 
0 
0 
0 
0 
0 
0 
0 
0 
0 
0 
0 
0 
0 
0 
0 
0 
0 
0 
0 
0 
0 
0 
0 
0 
0 
0 
0 
0 
0 
0 
0 
0 
0 
0 
0 
0 
0 
0 
0 
0 
0 
0 
0 
0 
0 
0 
0 
0 
0 
0 
0 
0 
0 
0 
0 
0 
0 
0 
0 
0 
0 
0 
0 
0 
0 
0 
0 
0 
0 
0 
0 
0 
0 
0 
0 
0 
0 
0 
0 
0 
0 
0 
0 
0 
0 
0 
0 
0 
0 
0 
0 
0 
0 
0 
0 
0 
0 
0 
0 
0 
0 
0 
0 
0 
0 
0 
0 
0 
0 
0 
0 
0 
0 
0 
0 
0 
0 
0 
0 
0 
0 
0 
0 
0 
0 
0 
0 
0 
0 
0 
0 
0 
0 
0 
0 
0 
0 
0 
0 
0 
0 
0 
0 
0 
0 
0 
0 
0 
0 
0 
0 
0 
0 
0 
0 
0 
0 
0 
0 
0 
0 
0 
0 
0 
0 
0 
0 
0 
0 
0 
0 
0 
0 
0 
0 
0 
0 
0 
0 
0 
0 
0 
0 
0 
0 
0 
0 
0 
0 
0 
0 
0 
0 
0 
0 
0 
0 
0 
0 
0 
0 
0 
0 
0 
0 
0 
0 
0 
0 
0 
0 
0 
0 
0 
0 
0 
0 
0 
0 
0 
0 
0 
0 
0 
0 
0 
0 
0 
0 
0 
0 
0 
0 
0 
0 
0 
0 
0 
0 
0 
0 
0 
0 
0 
0 
0 
0 
0 
0 
0 
0 
0 
0 
0 
0 
0 
0 
0 
0 
0 
0 
0 
0 
0 
0 
0 
0 
0 
0 
0 
2 
3 
4 
5 
0 
0 
0 
0 
0 
0 
0 
0 
0 
0 
0 
0 
0 
0 
0 
0 
0 
0 
0 
0 
0 
0 
0 
0 
0 
0 
0 
0 
0 
0 
0 
0 
0 
0 
0 
0 
0 
0 
0 
0 
0 
0 
0 
0 
0 
0 
0 
0 
0 
0 
0 
0 
0 
0 
0 
0 
0 
0 
0 
0 
0 
0 
0 
0 
0 
0 
0 
0 
0 
0 
0 
0 
0 
0 
0 
0 
0 
0 
0 
0 
0 
0 
0 
0 
0 
0 
0 
0 
0 
0 
0 
0 
0 
0 
0 
0 
0 
0 
0 
0 
0 
0 
0 
0 
0 
0 
0 
0 
0 
0 
0 
0 
0 
0 
0 
0 
0 
0 
0 
0 
0 
0 
0 
0 
0 
0 
0 
0 
0 
0 
0 
0 
0 
0 
0 
0 
0 
0 
0 
0 
0 
0 
0 
0 
0 
0 
0 
0 
0 
0 
0 
0 
0 
0 
0 
0 
0 
0 
0 
0 
0 
0 
0 
0 
0 
0 
0 
0 
0 
0 
0 
0 
0 
0 
0 
0 
0 
0 
0 
0 
0 
0 
0 
0 
0 
0 
0 
0 
0 
0 
0 
0 
0 
0 
0 
0 
0 
0 
0 
0 
0 
0 
0 
0 
0 
0 
0 
0 
0 
0 
0 
0 
0 
0 
0 
0 
0 
0 
0 
0 
0 
0 
0 
0 
0 
0 
0 
0 
0 
0 
0 
0 
0 
0 
0 
0 
0 
0 
0 
0 
0 
0 
0 
0 
0 
0 
0 
0 
0 
0 
0 
0 
0 
0 
0 
0 
0 
0 
0 
0 
0 
0 
0 
0 
0 
0 
0 
0 
0 
0 
0 
0 
0 
0 
0 
0 
0 
0 
0 
0 
0 
0 
0 
0 
0 
0 
0 
0 
0 
0 
0 
0 
0 
0 
0 
0 
0 
0 
0 
0 
0 
0 
0 
0 
0 
0 
0 
0 
0 
0 
0 
0 
0 
0 
0 
0 
0 
0 
0 
0 
0 
0 
0 
0 
0 
0 
0 
0 
0 
0 
0 
0 
0 
0 
0 
0 
0 
0 
0 
0 
0 
0 
0 
0 
0 
0 
0 
0 
0 
0 
0 
0 
0 
0 
0 
0 
0 
0 
0 
0 
0 
0 
0 
0 
0 
0 
0 
0 
0 
0 
0 
0 
0 
0 
0 
0 
0 
0 
0 
0 
0 
0 
0 
0 
0 
0 
0 
0 
0 
0 
0 
0 
0 
0 
0 
0 
0 
0 
0 
0 
0 
0 
0 
0 
0 
0 
0 
0 
0 
0 
0 
0 
0 
0 
0 
0 
0 
0 
0 
0 
0 
0 
0 
0 
0 
0 
0 
0 
0 
0 
0 
0 
0 
0 
0 
0 
0 
0 
0 
0 
0 
0 
0 
0 
0 
0 
0 
0 
0 
0 
0 
0 
0 
0 
0 
0 
0 
0 
0 
0 
0 
0 
0 
0 
0 
0 
0 
0 
0 
0 
0 
0 
0 
0 
0 
0 
0 
0 
0 
0 
0 
0 
0 
0 
0 
0 
0 
0 
0 
0 
0 
0 
0 
0 
0 
0 
0 
0 
0 
0 
0 
0 
0 
0 
0 
0 
0 
0 
0 
0 
-786781 
-2984231 
7893910 
-1270620 
2069139 
-3144260 
2636339 
326536 
1946634 
1511639 
5424594 
3765368 
884733 
5094884 
-1193394 
8163647 
2348062 
3878297 
3059655 
1454897 
8053657 
-749341 
5512593 
6380583 
-1497934 
6815734 
-2780856 
3473613 
-3681745 
-4727124 
8105523 
-1459275 
2238508 
8088130 
8207905 
7993452 
-5997441 
-1491846 
-8301923 
5682722 
-3165642 
-4394692 
-8296711 
-7383145 
-4237005 
7923160 
3802349 
1674236 
3496187 
6612185 
-1273948 
-3517939 
-3107963 
-8076973 
-5238168 
-7841138 
-982822 
7258222 
1802891 
1549888 
-6038381 
-1692359 
-6103237 
-1207849 
108283 
7983492 
-5613941 
1540793 
-7905859 
1768137 
4640919 
2663782 
-8200091 
5894752 
3641222 
-5253114 
-7386491 
6628676 
7458246 
8175929 
7442943 
2636516 
3309910 
-3588430 
3332397 
5250907 
3839208 
409477 
3429326 
6947446 
-3687157 
4986928 
-3659661 
-2654836 
7555579 
-118133 
-5752141 
-5927910 
-7290236 
-2999681 
-113242 
-7436891 
-1579253 
-950456 
-2406796 
-1162265 
-5520717 
8089655 
274694 
3052977 
6674544 
6610575 
5212153 
6825416 
-7831843 
4236733 
4270733 
5290349 
-4348130 
2518361 
-2806930 
1452491 
1179639 
-4472099 
-652918 
-1308732 
-942016 
5212637 
-1828635 
1987247 
-3761677 
-5956465 
-663171 
-5857036 
-7293254 
-3382236 
-4047967 
-2578333 
1500990 
-5789129 
-6826134 
-4236763 
-4785710 
-3465073 
-3773277 
403937 
-5801545 
2608789 
7058228 
-4040987 
-2710974 
3564632 
-654300 
-7746185 
1055416 
4860918 
-7588657 
-2166362 
-3495637 
2631007 
-5393378 
777481 
-2327237 
-6189068 
-937163 
2904583 
-4356627 
-6075615 
-6728518 
-7778515 
-5445426 
-1570145 
1132493 
-8324982 
4003976 
1426715 
4168053 
7598341 
-2843132 
-3023543 
1484217 
-2483026 
-7284501 
-7266166 
-1102860 
3046656 
1100925 
-2019547 
-2225501 
-7591036 
8176705 
3713474 
1126697 
-5064160 
-2521245 
4680977 
4820494 
878252 
-3165492 
-1874824 
-2564066 
6403334 
-4997320 
-3216018 
4569820 
-1123703 
5052801 
-3834577 
-6451967 
-7068517 
-1101470 
-7138166 
2703715 
-8139133 
7010015 
7725129 
-2628112 
3726793 
6869676 
-2139710 
8243344 
-356354 
221870 
4440073 
-745686 
-166816 
-1886102 
-7565743 
-2930671 
2111106 
-2452559 
1455524 
1820602 
-2779363 
-4986785 
6070940 
-4728120 
8150189 
-5736735 
1348925 
5365836 
6071072 
-2508940 
-6611119 
2409448 
-4592228 
-6393658 
-149782 
-813457 
1652997 
-1138008 
-487946 
3146062 
-5919394 
1624517 
6740521 
8174921 
7279360 
4752317 
-4123474 
3435004 
1718367 
7008138 
-7054898 
-7088354 
1030442 
4552643 
-4602113 
-4759087 
7782566 
6419487 
-1951931 
-6648562 
-6127687 
7287723 
-5677019 
-1634727 
6212798 
-2883153 
-4556952 
-717475 
4202645 
1791272 
7595028 
-8194257 
3277454 
4574593 
-4788134 
6126012 
-1881077 
-7000587 
-259737 
-3340211 
-2362814 
-153638 
1482887 
-8050585 
2058776 
7234305 
2484107 
-8103927 
-5266588 
1041215 
1076370 
4725734 
2077067 
-4105325 
6476672 
2858466 
-7703878 
7470295 
-7433597 
3454639 
-3817093 
2179100 
-513382 
-4933086 
2614067 
-4897064 
4058277 
8093827 
3295795 
-5936505 
-737802 
-1876843 
-2937058 
-4576765 
1841307 
-7102247 
2419430 
-4601247 
-6980653 
-774370 
4278489 
1432440 
-284358 
2288455 
-8082121 
-7869403 
-6269054 
-3076970 
-7257005 
1860486 
-3528029 
-4911737 
-7669546 
-2719067 
1768430 
-7212764 
7234600 
7449131 
5961806 
6545379 
-8393 
-6850053 
-3600586 
367015 
-5589456 
-6358000 
-4817542 
-1596030 
2290782 
-2524038 
8071987 
5323233 
-5313426 
2366596 
-3397716 
4224713 
3584276 
-6055830 
7029690 
2856170 
4048876 
1084720 
-5939163 
4921627 
6122424 
4922957 
-5089858 
1774569 
-4693948 
-4714900 
-4538224 
-4709034 
-6607325 
-919082 
4800093 
-6460448 
1377462 
-1548260 
-158193 
-7966102 
-4109043 
-5677741 
2995229 
-7609223 
4506087 
1465992 
-6802026 
-1707054 
-1422155 
5368911 
7423707 
-1909880 
-4555445 
7838184 
1661603 
-7502940 
-4362894 
6043699 
7198904 
-5292162 
7418210 
6363760 
967687 
6803945 
402891 
-6592371 
-1248332 
7566773 
3457575 
-4813106 
5858179 
-7054322 
2594315 
-1325527 
1996958 
-8326180 
636821 
-802029 
-7604773 
-4603548 
4685440 
-4055156 
-5962950 
7780137 
-853697 
-3575456 
3289041 
-2012572 
-2430754 
-1171975 
-944789 
-7835327 
-3987732 
3165967 
-6907774 
-627482 
6777637 
-5539907 
4323601 
4641186 
7138383 
939202 
-2189017 
1614462 
5516457 
4209109 
-7020739 
-3416384 
-7545696 
-1541123 
2364670 
-2207657 
7099743 
5821843 
2996033 
5905968 
7602047 
-7663941 
7594148 
-6207595 
6447176 
-6335764 
-204771 
-2261317 
-5565783 
5637617 
-6271051 
-3089268 
4148801 
2790516 
7885092 
1521116 
-3079181 
5909638 
2167389 
3974483 
-7729305 
-454439 
-4127263 
6862801 
-248898 
-5715625 
3824603 
6598987 
-4990895 
4094893 
2738928 
-3517195 
-7376044 
-2339151 
-5106720 
3580254 
-6533165 
3965913 
-772452 
2956601 
-2515312 
3723501 
1881347 
0 
0 
0 
0 
0 
0 
0 
0 
0 
0 
0 
0 
0 
0 
0 
0 
0 
0 
0 
0 
0 
0 
0 
0 
0 
0 
0 
0 
0 
0 
0 
0 
0 
0 
0 
0 
0 
0 
0 
0 
0 
0 
0 
0 
0 
0 
0 
0 
0 
0 
0 
0 
0 
0 
0 
0 
0 
0 
0 
0 
0 
0 
0 
0 
0 
0 
0 
0 
0 
0 
0 
0 
0 
0 
0 
0 
0 
0 
0 
0 
0 
0 
0 
0 
0 
0 
0 
0 
0 
0 
0 
0 
0 
0 
0 
0 
0 
0 
0 
0 
0 
0 
0 
0 
0 
0 
0 
0 
0 
0 
0 
0 
0 
0 
0 
0 
0 
0 
0 
0 
0 
0 
0 
0 
0 
0 
0 
0 
0 
0 
0 
0 
0 
0 
0 
0 
0 
0 
0 
0 
0 
0 
0 
0 
0 
0 
0 
0 
0 
0 
0 
0 
0 
0 
0 
0 
0 
0 
0 
0 
0 
0 
0 
0 
0 
0 
0 
0 
0 
0 
0 
0 
0 
0 
0 
0 
0 
0 
0 
0 
0 
0 
0 
0 
0 
0 
0 
0 
0 
0 
0 
0 
0 
0 
0 
0 
0 
0 
0 
0 
0 
0 
0 
0 
0 
0 
0 
0 
0 
0 
0 
0 
0 
0 
0 
0 
0 
0 
0 
0 
0 
0 
0 
0 
0 
0 
0 
0 
0 
0 
0 
0 
0 
0 
0 
0 
0 
0 
0 
0 
0 
0 
0 
0 
0 
0 
0 
0 
0 
0 
0 
0 
0 
0 
0 
0 
0 
0 
0 
0 
0 
0 
0 
0 
0 
0 
0 
0 
0 
0 
0 
0 
0 
0 
0 
0 
0 
0 
0 
0 
0 
0 
0 
0 
0 
0 
0 
0 
0 
0 
0 
0 
0 
0 
0 
0 
0 
0 
0 
0 
0 
0 
0 
0 
0 
0 
0 
0 
0 
0 
0 
0 
0 
0 
0 
0 
0 
0 
0 
0 
0 
0 
0 
0 
0 
0 
0 
0 
0 
0 
0 
0 
0 
0 
0 
0 
0 
0 
0 
0 
0 
0 
0 
0 
0 
0 
0 
0 
0 
0 
0 
0 
0 
0 
0 
0 
0 
0 
0 
0 
0 
0 
0 
0 
0 
0 
0 
0 
0 
0 
0 
0 
0 
0 
0 
0 
0 
0 
0 
0 
0 
0 
0 
0 
0 
0 
0 
0 
0 
0 
0 
0 
0 
0 
0 
0 
0 
0 
0 
0 
0 
0 
0 
0 
0 
0 
0 
0 
0 
0 
0 
0 
0 
0 
0 
0 
0 
0 
0 
0 
0 
0 
0 
0 
0 
0 
0 
0 
0 
0 
0 
0 
0 
0 
0 
0 
0 
0 
0 
0 
0 
0 
0 
0 
0 
0 
0 
0 
0 
0 
0 
0 
0 
0 
0 
0 
0 
0 
0 
0 
0 
0 
0 
0 
0 
0 
0 
0 
0 
0 
0 
0 
0 
0 
0 
0 
0 
0 
0 
0 
0 
0 
0 
0 
0 
0 
0 
0 
0 
0 
0 
0 
0 
0 
0 
0 
0 
0 
0 
0 
0 
0 
0 
0 
0 
0 
0 
0 
0 
0 
0 
0 
