0 
0 
0 
0 
0 
0 
0 
0 
0 
0 
0 
0 
0 
0 
0 
0 
0 
0 
0 
0 
0 
0 
0 
0 
0 
0 
0 
0 
0 
0 
0 
0 
0 
0 
0 
0 
0 
0 
0 
0 
0 
0 
0 
0 
0 
0 
0 
0 
0 
0 
0 
0 
0 
0 
0 
0 
0 
0 
0 
0 
0 
0 
0 
0 
0 
0 
0 
0 
0 
0 
0 
0 
0 
0 
0 
0 
0 
0 
0 
0 
0 
0 
0 
0 
0 
0 
0 
0 
0 
0 
0 
0 
0 
0 
0 
0 
0 
0 
0 
0 
0 
0 
0 
0 
0 
0 
0 
0 
0 
0 
0 
0 
0 
0 
0 
0 
0 
0 
0 
0 
0 
0 
0 
0 
0 
0 
0 
0 
0 
0 
0 
0 
0 
0 
0 
0 
0 
0 
0 
0 
0 
0 
0 
0 
0 
0 
0 
0 
0 
0 
0 
0 
0 
0 
0 
0 
0 
0 
0 
0 
0 
0 
0 
0 
0 
0 
0 
0 
0 
0 
0 
0 
0 
0 
0 
0 
0 
0 
0 
0 
0 
0 
0 
0 
0 
0 
0 
0 
0 
0 
0 
0 
0 
0 
0 
0 
0 
0 
0 
0 
0 
0 
0 
0 
0 
0 
0 
0 
0 
0 
0 
0 
0 
0 
0 
0 
0 
0 
0 
0 
0 
0 
0 
0 
0 
0 
0 
0 
0 
0 
0 
0 
0 
0 
0 
0 
0 
0 
0 
0 
0 
0 
0 
0 
0 
0 
0 
0 
0 
0 
0 
0 
0 
0 
0 
0 
0 
0 
0 
0 
0 
0 
0 
0 
0 
0 
0 
0 
0 
0 
0 
0 
0 
0 
0 
0 
0 
0 
0 
0 
0 
0 
0 
0 
0 
0 
0 
0 
0 
0 
0 
0 
0 
0 
0 
0 
0 
0 
0 
0 
0 
0 
0 
0 
0 
0 
0 
0 
0 
0 
0 
0 
0 
0 
0 
0 
0 
0 
0 
0 
0 
0 
0 
0 
0 
0 
0 
0 
0 
0 
0 
0 
0 
0 
0 
0 
0 
0 
0 
0 
0 
0 
0 
0 
0 
0 
0 
0 
0 
0 
0 
0 
0 
0 
0 
0 
0 
0 
0 
0 
0 
0 
0 
0 
0 
0 
0 
0 
0 
0 
0 
0 
0 
0 
0 
0 
0 
0 
0 
0 
0 
0 
0 
0 
0 
0 
0 
0 
0 
0 
0 
0 
0 
0 
0 
0 
0 
0 
0 
0 
0 
0 
0 
0 
0 
0 
0 
0 
0 
0 
0 
0 
0 
0 
0 
0 
0 
0 
0 
0 
0 
0 
0 
0 
0 
0 
0 
0 
0 
0 
0 
0 
0 
0 
0 
0 
0 
0 
0 
0 
0 
0 
0 
0 
0 
0 
0 
0 
0 
0 
0 
0 
0 
0 
0 
0 
0 
0 
0 
0 
0 
0 
0 
0 
0 
0 
0 
0 
0 
0 
0 
0 
0 
0 
0 
0 
0 
0 
0 
0 
0 
0 
0 
0 
0 
0 
0 
0 
0 
0 
0 
0 
0 
0 
0 
0 
0 
0 
0 
0 
0 
0 
0 
0 
0 
0 
0 
0 
0 
0 
0 
0 
2 
3 
4 
5 
0 
0 
0 
0 
0 
0 
0 
0 
0 
0 
0 
0 
0 
0 
0 
0 
0 
0 
0 
0 
0 
0 
0 
0 
0 
0 
0 
0 
0 
0 
0 
0 
0 
0 
0 
0 
0 
0 
0 
0 
0 
0 
0 
0 
0 
0 
0 
0 
0 
0 
0 
0 
0 
0 
0 
0 
0 
0 
0 
0 
0 
0 
0 
0 
0 
0 
0 
0 
0 
0 
0 
0 
0 
0 
0 
0 
0 
0 
0 
0 
0 
0 
0 
0 
0 
0 
0 
0 
0 
0 
0 
0 
0 
0 
0 
0 
0 
0 
0 
0 
0 
0 
0 
0 
0 
0 
0 
0 
0 
0 
0 
0 
0 
0 
0 
0 
0 
0 
0 
0 
0 
0 
0 
0 
0 
0 
0 
0 
0 
0 
0 
0 
0 
0 
0 
0 
0 
0 
0 
0 
0 
0 
0 
0 
0 
0 
0 
0 
0 
0 
0 
0 
0 
0 
0 
0 
0 
0 
0 
0 
0 
0 
0 
0 
0 
0 
0 
0 
0 
0 
0 
0 
0 
0 
0 
0 
0 
0 
0 
0 
0 
0 
0 
0 
0 
0 
0 
0 
0 
0 
0 
0 
0 
0 
0 
0 
0 
0 
0 
0 
0 
0 
0 
0 
0 
0 
0 
0 
0 
0 
0 
0 
0 
0 
0 
0 
0 
0 
0 
0 
0 
0 
0 
0 
0 
0 
0 
0 
0 
0 
0 
0 
0 
0 
0 
0 
0 
0 
0 
0 
0 
0 
0 
0 
0 
0 
0 
0 
0 
0 
0 
0 
0 
0 
0 
0 
0 
0 
0 
0 
0 
0 
0 
0 
0 
0 
0 
0 
0 
0 
0 
0 
0 
0 
0 
0 
0 
0 
0 
0 
0 
0 
0 
0 
0 
0 
0 
0 
0 
0 
0 
0 
0 
0 
0 
0 
0 
0 
0 
0 
0 
0 
0 
0 
0 
0 
0 
0 
0 
0 
0 
0 
0 
0 
0 
0 
0 
0 
0 
0 
0 
0 
0 
0 
0 
0 
0 
0 
0 
0 
0 
0 
0 
0 
0 
0 
0 
0 
0 
0 
0 
0 
0 
0 
0 
0 
0 
0 
0 
0 
0 
0 
0 
0 
0 
0 
0 
0 
0 
0 
0 
0 
0 
0 
0 
0 
0 
0 
0 
0 
0 
0 
0 
0 
0 
0 
0 
0 
0 
0 
0 
0 
0 
0 
0 
0 
0 
0 
0 
0 
0 
0 
0 
0 
0 
0 
0 
0 
0 
0 
0 
0 
0 
0 
0 
0 
0 
0 
0 
0 
0 
0 
0 
0 
0 
0 
0 
0 
0 
0 
0 
0 
0 
0 
0 
0 
0 
0 
0 
0 
0 
0 
0 
0 
0 
0 
0 
0 
0 
0 
0 
0 
0 
0 
0 
0 
0 
0 
0 
0 
0 
0 
0 
0 
0 
0 
0 
0 
0 
0 
0 
0 
0 
0 
0 
0 
0 
0 
0 
0 
0 
0 
0 
0 
0 
0 
0 
0 
0 
0 
0 
0 
0 
0 
0 
0 
0 
0 
0 
0 
0 
0 
0 
0 
0 
0 
0 
0 
0 
0 
0 
0 
0 
0 
0 
0 
0 
0 
0 
0 
-5217227 
-8219104 
5103143 
3402617 
-5741787 
324071 
-5925168 
5243801 
1862177 
8116179 
-6918380 
5658448 
8281004 
-4949052 
2714607 
7156722 
7171049 
-3698028 
6815458 
-7412497 
5756339 
-7408554 
4923910 
-5845276 
5816356 
-5341309 
3490790 
-204517 
2000438 
-163691 
301498 
562842 
-2649291 
93926 
1567599 
6410633 
236723 
2412396 
-5382618 
-2912949 
-2027753 
-5934287 
2972955 
3911959 
-1600313 
-2597208 
3038332 
-4589117 
-4435840 
4772187 
-5721502 
5713685 
-2866822 
1471153 
-3942058 
-950008 
5109083 
2578941 
-8060075 
-6446941 
-6492069 
6808145 
3886710 
-6536159 
3975171 
3828395 
3222924 
-5944735 
-4849168 
3740244 
-1932380 
3173789 
7104119 
-4517198 
-3654728 
-3638682 
-2377986 
-3488839 
-555518 
8315721 
8117111 
-8024907 
-2581450 
-564234 
-3965160 
-3346729 
5530196 
238145 
-7246420 
-4780097 
6988375 
-3656683 
-2940096 
-5306884 
-5122127 
-3708136 
4712835 
3396705 
-4436879 
4085091 
5770055 
5017701 
-6548526 
-2541608 
-2021683 
-4577649 
3757984 
-5771996 
-4089202 
-7744133 
1997482 
486070 
-1115128 
-1808855 
-1123671 
5590362 
4817511 
1067397 
4904376 
1399508 
-110042 
-3996118 
-3573199 
7672472 
1563125 
-1663334 
-4819063 
6402045 
6890131 
6094751 
-7191534 
-5053248 
-3673818 
-5717208 
-6003267 
1260957 
3297242 
1605482 
5584147 
1024514 
5589689 
-6496488 
-359557 
-3286130 
606494 
-7186317 
-1265612 
2359211 
6712921 
-2700053 
2563322 
-2134859 
5880012 
7561000 
7093403 
-65332 
-7517131 
-7999461 
5659202 
4181124 
-7601405 
1678658 
-6070651 
-7190165 
1175430 
-8105343 
4491757 
-4499788 
3738398 
596723 
-3642314 
3689035 
-6973744 
-2089279 
197570 
-1323408 
4067195 
6973205 
-6966936 
-5109704 
3761521 
3344158 
1597744 
-7025936 
-6873001 
-3398917 
809763 
3372909 
-1728188 
-4310655 
-5172339 
8031238 
8330362 
2532916 
6925062 
5984336 
-663494 
5494669 
7111561 
3128780 
5624918 
-1609446 
-5102170 
-3835288 
-1626891 
3690652 
3427403 
8180967 
8230923 
-7785044 
2258111 
2025612 
3501650 
-2238277 
-4205057 
8015809 
666834 
299083 
-6468741 
-3777382 
-1481115 
4277500 
1586351 
2810757 
-4244511 
-789931 
-5604875 
2925727 
-1323035 
-6452039 
-8277570 
-4456128 
-658919 
-1497547 
-3453627 
4054076 
4590707 
-2398481 
4375988 
-4072185 
-6956944 
-4942775 
7547274 
-5482277 
-169223 
7988864 
780616 
44977 
968622 
5737728 
-1426417 
850280 
-3526090 
-5884224 
5529925 
-4318783 
-7564139 
7254085 
-608824 
1595014 
-2580418 
4686 
-5122109 
-3402196 
-3960206 
-3978546 
6548965 
-6859304 
-8072755 
-1459045 
6114753 
-6557644 
-4799193 
4814916 
7786981 
-3267889 
5188892 
1745222 
5377260 
-3237382 
-2175886 
4205210 
-5445257 
1267217 
7844453 
6361915 
3512416 
-5833905 
-4404141 
671226 
7016280 
-4432264 
-2227097 
-865828 
-6137207 
-1726931 
50344 
7282428 
5991110 
-4250237 
3648299 
-3752457 
-1991788 
-5439804 
-7739366 
-1771203 
-5839533 
1666732 
-5179483 
5396765 
5807907 
3663371 
-2101764 
-8313202 
663976 
2601315 
-1123079 
-1233695 
1922046 
7688240 
-1851807 
-1584649 
-7756392 
-2721079 
1514794 
8111284 
-5300464 
2102779 
-8177266 
3636589 
768497 
-2312988 
-1587018 
2758422 
5350833 
5576517 
7003913 
5821606 
-978559 
-4979879 
4697863 
3417521 
-6906004 
-4438776 
5767149 
6499147 
-5274924 
-4844339 
1012804 
-6669854 
5120228 
5336489 
-610774 
2373564 
-3722325 
1116842 
-2940741 
632705 
-2873272 
-6259671 
3629217 
-5700597 
4734869 
4613018 
3488339 
-7846143 
-1217484 
5939746 
4881842 
-8230677 
-4846356 
663184 
6068437 
3532455 
-4594176 
-5570202 
-1527852 
7295136 
1457791 
6359629 
-1346468 
2362450 
-5957937 
8141377 
-2849933 
115712 
-1380153 
6653978 
-3500230 
-7454679 
1455071 
-5788110 
-6473866 
-6020349 
-626432 
7634903 
7680928 
-7320098 
-1566088 
2197810 
-4821385 
932330 
-244371 
3266577 
6311473 
-5409941 
7616337 
-2379763 
196796 
2440331 
-5640858 
2143423 
3838852 
-5581692 
6680794 
-5797216 
8254539 
3250341 
1880950 
4865573 
3540770 
948805 
8215628 
3588265 
-6119601 
-7811595 
-7768000 
3510513 
-4270679 
-4374630 
-6648755 
7405646 
-3467412 
7250080 
-821186 
5967846 
7406342 
8239976 
-6636984 
3905585 
-8073633 
568321 
5538364 
3296316 
2829921 
-924237 
2044512 
2388159 
6694815 
-5018627 
7775065 
-2211802 
4546349 
7053564 
1451992 
-7219527 
-5775591 
2607819 
7533048 
7079580 
2490167 
-6911551 
3004888 
3734514 
2424179 
8104755 
2412921 
3439218 
5439322 
-363840 
-8152849 
-5422149 
3775940 
-5969352 
839898 
6533404 
56605 
-4929456 
-3475932 
-1732821 
1717653 
-4990615 
-7971241 
-6584157 
2578890 
7859064 
273247 
-4491898 
2133809 
-6748307 
-4829625 
-3349207 
-2562460 
-166277 
7173789 
-7971012 
-2735617 
-7947630 
4369294 
866601 
2348651 
-3004191 
7977075 
3975919 
-368649 
-5099511 
7314536 
-8028627 
1999595 
2441153 
8167274 
-3806801 
0 
0 
0 
0 
0 
0 
0 
0 
0 
0 
0 
0 
0 
0 
0 
0 
0 
0 
0 
0 
0 
0 
0 
0 
0 
0 
0 
0 
0 
0 
0 
0 
0 
0 
0 
0 
0 
0 
0 
0 
0 
0 
0 
0 
0 
0 
0 
0 
0 
0 
0 
0 
0 
0 
0 
0 
0 
0 
0 
0 
0 
0 
0 
0 
0 
0 
0 
0 
0 
0 
0 
0 
0 
0 
0 
0 
0 
0 
0 
0 
0 
0 
0 
0 
0 
0 
0 
0 
0 
0 
0 
0 
0 
0 
0 
0 
0 
0 
0 
0 
0 
0 
0 
0 
0 
0 
0 
0 
0 
0 
0 
0 
0 
0 
0 
0 
0 
0 
0 
0 
0 
0 
0 
0 
0 
0 
0 
0 
0 
0 
0 
0 
0 
0 
0 
0 
0 
0 
0 
0 
0 
0 
0 
0 
0 
0 
0 
0 
0 
0 
0 
0 
0 
0 
0 
0 
0 
0 
0 
0 
0 
0 
0 
0 
0 
0 
0 
0 
0 
0 
0 
0 
0 
0 
0 
0 
0 
0 
0 
0 
0 
0 
0 
0 
0 
0 
0 
0 
0 
0 
0 
0 
0 
0 
0 
0 
0 
0 
0 
0 
0 
0 
0 
0 
0 
0 
0 
0 
0 
0 
0 
0 
0 
0 
0 
0 
0 
0 
0 
0 
0 
0 
0 
0 
0 
0 
0 
0 
0 
0 
0 
0 
0 
0 
0 
0 
0 
0 
0 
0 
0 
0 
0 
0 
0 
0 
0 
0 
0 
0 
0 
0 
0 
0 
0 
0 
0 
0 
0 
0 
0 
0 
0 
0 
0 
0 
0 
0 
0 
0 
0 
0 
0 
0 
0 
0 
0 
0 
0 
0 
0 
0 
0 
0 
0 
0 
0 
0 
0 
0 
0 
0 
0 
0 
0 
0 
0 
0 
0 
0 
0 
0 
0 
0 
0 
0 
0 
0 
0 
0 
0 
0 
0 
0 
0 
0 
0 
0 
0 
0 
0 
0 
0 
0 
0 
0 
0 
0 
0 
0 
0 
0 
0 
0 
0 
0 
0 
0 
0 
0 
0 
0 
0 
0 
0 
0 
0 
0 
0 
0 
0 
0 
0 
0 
0 
0 
0 
0 
0 
0 
0 
0 
0 
0 
0 
0 
0 
0 
0 
0 
0 
0 
0 
0 
0 
0 
0 
0 
0 
0 
0 
0 
0 
0 
0 
0 
0 
0 
0 
0 
0 
0 
0 
0 
0 
0 
0 
0 
0 
0 
0 
0 
0 
0 
0 
0 
0 
0 
0 
0 
0 
0 
0 
0 
0 
0 
0 
0 
0 
0 
0 
0 
0 
0 
0 
0 
0 
0 
0 
0 
0 
0 
0 
0 
0 
0 
0 
0 
0 
0 
0 
0 
0 
0 
0 
0 
0 
0 
0 
0 
0 
0 
0 
0 
0 
0 
0 
0 
0 
0 
0 
0 
0 
0 
0 
0 
0 
0 
0 
0 
0 
0 
0 
0 
0 
0 
0 
0 
0 
0 
0 
0 
0 
0 
0 
0 
0 
0 
0 
0 
0 
0 
0 
0 
0 
0 
0 
0 
0 
0 
0 
0 
0 
0 
0 
0 
0 
0 
0 
0 
0 
0 
