2
-1
-4
1
7
-1
-10
1
14
-1
-20
0
27
2
-37
-5
50
11
-65
-20
84
33
-108
-52
135
77
-168
-112
206
158
-249
-218
296
296
-347
-394
400
516
-453
-666
504
850
-549
-1070
583
1332
-601
-1639
597
1997
-562
-2408
487
2876
-363
-3404
175
3991
86
-4640
-439
5347
898
-6111
-1481
6925
2204
-7783
-3089
8673
4154
-9584
-5422
10499
6913
-11400
-8650
12263
10654
-13065
-12950
13770
15556
-14351
-18503
14761
21806
-14964
-25499
14900
29599
-14523
-34146
13756
39161
-12538
-44698
10763
50790
-8346
-57520
5133
64946
-989
-73211
-4330
82438
11075
-92897
-19697
104866
30728
-118920
-45166
135765
64421
-156838
-91316
184283
130913
-222746
-195335
281119
316669
-382063
-623079
562474
2097151
